# Created by Octave 4.0.0, Thu Oct 22 00:15:46 2015 CLT <chulini@Julios-MBP>
# name: a
# type: matrix
# rows: 5
# columns: 5
 17 24 1 8 15
 23 5 7 14 16
 4 6 13 20 22
 10 12 19 21 3
 11 18 25 2 9


# name: b
# type: scalar
7


